38
139968
368
125984
7
81
1
74
9
1    1.51121    1.91730    1.06553
1    1.51121    1.90909    1.16520
2    1.51121    1.90089    1.26486
2    1.51121    1.89268    1.36452
2    1.51121    1.88447    1.46419
1    1.51121    1.87627    1.56385
1    1.51121    1.86806    1.66351
3    0.00000    0.00000    0.00000
3    0.00000    0.00000    1.00000
3    0.00000    0.00000    2.00000
3    0.00000    0.00000    3.00000
3    0.00000    1.00000    0.00000
3    0.00000    1.00000    1.00000
3    0.00000    1.00000    2.00000
3    0.00000    1.00000    3.00000
3    0.00000    2.00000    0.00000
3    0.00000    2.00000    1.00000
3    0.00000    2.00000    2.00000
3    0.00000    2.00000    3.00000
3    0.00000    3.00000    0.00000
3    0.00000    3.00000    1.00000
3    0.00000    3.00000    2.00000
3    0.00000    3.00000    3.00000
3    1.00000    0.00000    0.00000
3    1.00000    0.00000    1.00000
3    1.00000    0.00000    2.00000
3    1.00000    0.00000    3.00000
3    1.00000    1.00000    0.00000
3    1.00000    1.00000    1.00000
3    1.00000    1.00000    2.00000
3    1.00000    1.00000    3.00000
3    1.00000    2.00000    0.00000
3    1.00000    2.00000    1.00000
3    1.00000    2.00000    2.00000
3    1.00000    2.00000    3.00000
3    1.00000    3.00000    0.00000
3    1.00000    3.00000    1.00000
3    1.00000    3.00000    2.00000
3    1.00000    3.00000    3.00000
3    2.00000    0.00000    0.00000
3    2.00000    0.00000    1.00000
3    2.00000    0.00000    2.00000
3    2.00000    0.00000    3.00000
3    2.00000    1.00000    0.00000
3    2.00000    1.00000    1.00000
3    2.00000    1.00000    2.00000
3    2.00000    1.00000    3.00000
3    2.00000    2.00000    0.00000
3    2.00000    2.00000    1.00000
3    2.00000    2.00000    2.00000
3    2.00000    2.00000    3.00000
3    2.00000    3.00000    0.00000
3    2.00000    3.00000    1.00000
3    2.00000    3.00000    2.00000
3    2.00000    3.00000    3.00000
3    3.00000    0.00000    0.00000
3    3.00000    0.00000    1.00000
3    3.00000    0.00000    2.00000
3    3.00000    0.00000    3.00000
3    3.00000    1.00000    0.00000
3    3.00000    1.00000    1.00000
3    3.00000    1.00000    2.00000
3    3.00000    1.00000    3.00000
3    3.00000    2.00000    0.00000
3    3.00000    2.00000    1.00000
3    3.00000    2.00000    2.00000
3    3.00000    2.00000    3.00000
3    3.00000    3.00000    0.00000
3    3.00000    3.00000    1.00000
3    3.00000    3.00000    2.00000
3    3.00000    3.00000    3.00000
3    0.50000    0.50000    0.50000
3    0.50000    0.50000    1.50000
3    0.50000    0.50000    2.50000
3    0.50000    0.50000    3.50000
3    0.50000    1.50000    0.50000
3    0.50000    1.50000    1.50000
3    0.50000    1.50000    2.50000
3    0.50000    1.50000    3.50000
3    0.50000    2.50000    0.50000
3    0.50000    2.50000    1.50000
1 1 1 2
2 2 2 3
3 2 3 4
4 2 4 5
5 2 5 6
6 1 6 7
