------------ BEAD ---------
  25.00000   25.00000
   0.00000    9.00000   16.00000    0.00000    0.00000   12.00000
  25.00000
1    0.00000    3.00000   -3.00000
1    0.00000    3.00000    3.00000
103 1 101 102
  18.00000
1    1.54077    7.00023   20.47870

---------- BLOCK -------------
   1.00000   -0.20000    0.40000
1   -1.00000    2.00000   -1.00000
1    5.00000   -1.00000    2.00000
   1.00000   -0.20000    0.40000
1   -1.00000    2.00000   -1.00000
1    5.00000   -1.00000    2.00000
   1.83657    6.89600   20.39317
1    1.54077    7.00023   20.47870
1    1.71963    6.67964   20.49240
1    1.90224    6.91294   20.37220
1    2.18366    6.99117   20.22940

---------- TRIBLOCK -----------
1    1.54077    7.00023   20.47870
1    1.71963    6.67964   20.49240
1    1.90224    6.91294   20.37220
1    2.18366    6.99117   20.22940
2    2.34383    6.96875   20.05430
2    2.47434    6.78844   20.05000
2    2.66026    6.87661   19.89640
2    2.97047    6.79260   19.63690
2    3.09188    7.00070   19.63000
2    3.21897    6.96843   19.55190
2    3.29730    6.90508   19.33890
2    3.55758    6.93398   19.13250
2    3.24151    7.07886   18.84640
2    3.17344    7.12214   18.74900
2    3.17272    7.23376   18.62340
2    3.08027    7.17630   18.39150
2    3.15267    7.27150   18.21610
2    3.34153    7.18483   17.95580
2    3.49718    7.04929   17.85430
2    3.47356    7.01916   17.69370
2    3.64050    6.82266   17.50730
2    3.54400    6.78455   17.20500
2    3.66149    6.60989   17.10030
2    3.67296    6.62501   17.18310
2    3.67944    6.66437   16.68170
2    3.85190    6.80486   16.47170
2    3.61959    6.77237   16.21960
2    3.59650    6.73237   16.15390
2    3.39721    6.77820   15.82110
2    3.28281    6.64374   15.76130
2    3.36699    6.43953   15.42860
2    3.17202    6.52834   15.17890
2    2.95140    6.53383   15.07270
2    2.67335    6.41882   14.91010
2    2.60155    6.63532   14.84650
2    2.32909    6.66999   14.82110
2    2.21282    6.35607   14.83270
2    1.91153    6.15382   14.85150
2    1.75735    6.23406   14.79170
2    1.60442    6.08112   14.67700
2    1.30502    5.80588   14.45780
2    1.18274    5.64902   14.68730
2    0.93775    5.37214   14.66640
2    0.90460    5.12764   14.53980
2    0.47670    4.99017   14.39980
2    0.46922    4.85531   14.48060
2    0.41533    4.57652   14.19360
2    0.42516    4.51400   14.31100
2    0.35496    4.28349   14.29520
2    0.41964    4.08371   14.60250
2    0.04950    4.07242   14.84070
2    0.12930    3.75324   15.04050
2    0.07965    3.55707   14.89500
2   -0.01547    3.33303   15.16820
1   -0.17899    3.44078   15.36920
1   -0.63900    3.26411   15.45630
1   -0.74070    3.24884   15.35230
1   -0.98170    3.30627   15.38980
58
1   18.38116   32.18821    3.22817
1   18.38116   32.18000    3.32783
1   18.38116   32.17180    3.42750
1   18.38116   32.16359    3.52716
1   18.38116   32.15538    3.62682
2   18.38116   32.14718    3.72649
2   18.38116   32.13897    3.82615
2   18.38116   32.13076    3.92581
2   18.38116   32.12256    4.02547
2   18.38115   32.11435    4.12514
2   18.38115   32.10615    4.22480
2   18.38115   32.09794    4.32446
2   18.38115   32.08973    4.42412
2   18.38115   32.08153    4.52379
2   18.38115   32.07332    4.62345
2   18.38115   32.06511    4.72311
2   18.38115   32.05691    4.82278
2   18.38115   32.04870    4.92244
2   18.38115   32.04049    5.02210
2   18.38115   32.03229    5.12176
2   18.38115   32.02408    5.22143
2   18.38114   32.01587    5.32109
2   18.38114   32.00767    5.42075
2   18.38114   31.99946    5.52041
2   18.38114   31.99126    5.62008
2   18.38114   31.98305    5.71974
2   18.38114   31.97484    5.81940
2   18.38114   31.96664    5.91907
2   18.38114   31.95843    6.01873
2   18.38114   31.95022    6.11839
2   18.38114   31.94202    6.21805
2   18.38114   31.93381    6.31772
2   18.38114   31.92560    6.41738
2   18.38114   31.91740    6.51704
2   18.38113   31.90919    6.61670
1   18.38113   31.90099    6.71637
1   18.38113   31.89278    6.81603
1   18.38113   31.88457    6.91569
1   18.38113   31.87637    7.01536
1   18.38113   31.86816    7.11502

------------ BIN ------------
Chain1: 
1    1.54077    7.00023   20.47870
1    1.71963    6.67964   20.49240
1    1.90224    6.91294   20.37220
1    2.18366    6.99117   20.22940
2    2.34383    6.96875   20.05430
2    2.47434    6.78844   20.05000
2    2.66026    6.87661   19.89640
2    2.97047    6.79260   19.63690
2    3.09188    7.00070   19.63000
2    3.21897    6.96843   19.55190
2    3.29730    6.90508   19.33890
2    3.55758    6.93398   19.13250
2    3.24151    7.07886   18.84640
2    3.17344    7.12214   18.74900
2    3.17272    7.23376   18.62340
2    3.08027    7.17630   18.39150
2    3.15267    7.27150   18.21610
2    3.34153    7.18483   17.95580
2    3.49718    7.04929   17.85430
2    3.47356    7.01916   17.69370
2    3.64050    6.82266   17.50730
2    3.54400    6.78455   17.20500
2    3.66149    6.60989   17.10030
2    3.67296    6.62501   17.18310
2    3.67944    6.66437   16.68170
2    3.85190    6.80486   16.47170
2    3.61959    6.77237   16.21960
2    3.59650    6.73237   16.15390
2    3.39721    6.77820   15.82110
2    3.28281    6.64374   15.76130
2    3.36699    6.43953   15.42860
2    3.17202    6.52834   15.17890
2    2.95140    6.53383   15.07270
2    2.67335    6.41882   14.91010
2    2.60155    6.63532   14.84650
2    2.32909    6.66999   14.82110
2    2.21282    6.35607   14.83270
2    1.91153    6.15382   14.85150
2    1.75735    6.23406   14.79170
2    1.60442    6.08112   14.67700
2    1.30502    5.80588   14.45780
2    1.18274    5.64902   14.68730
2    0.93775    5.37214   14.66640
2    0.90460    5.12764   14.53980
2    0.47670    4.99017   14.39980
2    0.46922    4.85531   14.48060
2    0.41533    4.57652   14.19360
2    0.42516    4.51400   14.31100
2    0.35496    4.28349   14.29520
2    0.41964    4.08371   14.60250
2    0.04950    4.07242   14.84070
2    0.12930    3.75324   15.04050
2    0.07965    3.55707   14.89500
2   -0.01547    3.33303   15.16820
1   -0.17899    3.44078   15.36920
1   -0.63900    3.26411   15.45630
1   -0.74070    3.24884   15.35230
1   -0.98170    3.30627   15.38980
58
Chain2: 
1    1.54077    9.00023   20.47870
1    1.71963    8.67964   20.49240
1    1.90224    8.91294   20.37220
1    2.18366    8.99117   20.22940
2    2.34383    8.96875   20.05430
2    2.47434    8.78844   20.05000
2    2.66026    8.87661   19.89640
2    2.97047    8.79260   19.63690
2    3.09188    9.00070   19.63000
2    3.21897    8.96843   19.55190
2    3.29730    8.90508   19.33890
2    3.55758    8.93398   19.13250
2    3.24151    9.07886   18.84640
2    3.17344    9.12214   18.74900
2    3.17272    9.23376   18.62340
2    3.08027    9.17630   18.39150
2    3.15267    9.27150   18.21610
2    3.34153    9.18483   17.95580
2    3.49718    9.04929   17.85430
2    3.47356    9.01916   17.69370
2    3.64050    8.82266   17.50730
2    3.54400    8.78455   17.20500
2    3.66149    8.60989   17.10030
2    3.67296    8.62501   17.18310
2    3.67944    8.66437   16.68170
2    3.85190    8.80486   16.47170
2    3.61959    8.77237   16.21960
2    3.59650    8.73237   16.15390
2    3.39721    8.77820   15.82110
2    3.28281    8.64374   15.76130
2    3.36699    8.43953   15.42860
2    3.17202    8.52834   15.17890
2    2.95140    8.53383   15.07270
2    2.67335    8.41882   14.91010
2    2.60155    8.63532   14.84650
2    2.32909    8.66999   14.82110
2    2.21282    8.35607   14.83270
2    1.91153    8.15382   14.85150
2    1.75735    8.23406   14.79170
2    1.60442    8.08112   14.67700
2    1.30502    7.80588   14.45780
2    1.18274    7.64902   14.68730
2    0.93775    7.37214   14.66640
2    0.90460    7.12764   14.53980
2    0.47670    6.99017   14.39980
2    0.46922    6.85531   14.48060
2    0.41533    6.57652   14.19360
2    0.42516    6.51400   14.31100
2    0.35496    6.28349   14.29520
2    0.41964    6.08371   14.60250
2    0.04950    6.07242   14.84070
2    0.12930    5.75324   15.04050
2    0.07965    5.55707   14.89500
2   -0.01547    5.33303   15.16820
1   -0.17899    5.44078   15.36920
1   -0.63900    5.26411   15.45630
1   -0.74070    5.24884   15.35230
1   -0.98170    5.30627   15.38980
58
YAY
Hooray1!
YAY2
Bin1: (so far) 
1    1.54077    7.00023   20.47870
1    1.71963    6.67964   20.49240
1    1.90224    6.91294   20.37220
1    2.18366    6.99117   20.22940
1    1.54077    9.00023   20.47870
1    1.71963    8.67964   20.49240
1    1.90224    8.91294   20.37220
1    2.18366    8.99117   20.22940
Working...
Still works...
Number of different chains in Bin1: 2
Number of different chains in Bin2: 2

------------ CORE ---------------
Chain1: 
1    1.54077    7.00023   20.47870
1    1.71963    6.67964   20.49240
1    1.90224    6.91294   20.37220
1    2.18366    6.99117   20.22940
2    2.34383    6.96875   20.05430
2    2.47434    6.78844   20.05000
2    2.66026    6.87661   19.89640
2    2.97047    6.79260   19.63690
2    3.09188    7.00070   19.63000
2    3.21897    6.96843   19.55190
2    3.29730    6.90508   19.33890
2    3.55758    6.93398   19.13250
2    3.24151    7.07886   18.84640
2    3.17344    7.12214   18.74900
2    3.17272    7.23376   18.62340
2    3.08027    7.17630   18.39150
2    3.15267    7.27150   18.21610
2    3.34153    7.18483   17.95580
2    3.49718    7.04929   17.85430
2    3.47356    7.01916   17.69370
2    3.64050    6.82266   17.50730
2    3.54400    6.78455   17.20500
2    3.66149    6.60989   17.10030
2    3.67296    6.62501   17.18310
2    3.67944    6.66437   16.68170
2    3.85190    6.80486   16.47170
2    3.61959    6.77237   16.21960
2    3.59650    6.73237   16.15390
2    3.39721    6.77820   15.82110
2    3.28281    6.64374   15.76130
2    3.36699    6.43953   15.42860
2    3.17202    6.52834   15.17890
2    2.95140    6.53383   15.07270
2    2.67335    6.41882   14.91010
2    2.60155    6.63532   14.84650
2    2.32909    6.66999   14.82110
2    2.21282    6.35607   14.83270
2    1.91153    6.15382   14.85150
2    1.75735    6.23406   14.79170
2    1.60442    6.08112   14.67700
2    1.30502    5.80588   14.45780
2    1.18274    5.64902   14.68730
2    0.93775    5.37214   14.66640
2    0.90460    5.12764   14.53980
2    0.47670    4.99017   14.39980
2    0.46922    4.85531   14.48060
2    0.41533    4.57652   14.19360
2    0.42516    4.51400   14.31100
2    0.35496    4.28349   14.29520
2    0.41964    4.08371   14.60250
2    0.04950    4.07242   14.84070
2    0.12930    3.75324   15.04050
2    0.07965    3.55707   14.89500
2   -0.01547    3.33303   15.16820
1   -0.17899    3.44078   15.36920
1   -0.63900    3.26411   15.45630
1   -0.74070    3.24884   15.35230
1   -0.98170    3.30627   15.38980
58
Chain1 Tail1 com:    1.83657    6.89600   20.39317
Chain1 Tail2 com:   -0.63510    3.31500   15.39190
Chain2: 
1    1.54077    9.00023   20.47870
1    1.71963    8.67964   20.49240
1    1.90224    8.91294   20.37220
1    2.18366    8.99117   20.22940
2    2.34383    8.96875   20.05430
2    2.47434    8.78844   20.05000
2    2.66026    8.87661   19.89640
2    2.97047    8.79260   19.63690
2    3.09188    9.00070   19.63000
2    3.21897    8.96843   19.55190
2    3.29730    8.90508   19.33890
2    3.55758    8.93398   19.13250
2    3.24151    9.07886   18.84640
2    3.17344    9.12214   18.74900
2    3.17272    9.23376   18.62340
2    3.08027    9.17630   18.39150
2    3.15267    9.27150   18.21610
2    3.34153    9.18483   17.95580
2    3.49718    9.04929   17.85430
2    3.47356    9.01916   17.69370
2    3.64050    8.82266   17.50730
2    3.54400    8.78455   17.20500
2    3.66149    8.60989   17.10030
2    3.67296    8.62501   17.18310
2    3.67944    8.66437   16.68170
2    3.85190    8.80486   16.47170
2    3.61959    8.77237   16.21960
2    3.59650    8.73237   16.15390
2    3.39721    8.77820   15.82110
2    3.28281    8.64374   15.76130
2    3.36699    8.43953   15.42860
2    3.17202    8.52834   15.17890
2    2.95140    8.53383   15.07270
2    2.67335    8.41882   14.91010
2    2.60155    8.63532   14.84650
2    2.32909    8.66999   14.82110
2    2.21282    8.35607   14.83270
2    1.91153    8.15382   14.85150
2    1.75735    8.23406   14.79170
2    1.60442    8.08112   14.67700
2    1.30502    7.80588   14.45780
2    1.18274    7.64902   14.68730
2    0.93775    7.37214   14.66640
2    0.90460    7.12764   14.53980
2    0.47670    6.99017   14.39980
2    0.46922    6.85531   14.48060
2    0.41533    6.57652   14.19360
2    0.42516    6.51400   14.31100
2    0.35496    6.28349   14.29520
2    0.41964    6.08371   14.60250
2    0.04950    6.07242   14.84070
2    0.12930    5.75324   15.04050
2    0.07965    5.55707   14.89500
2   -0.01547    5.33303   15.16820
1   -0.17899    5.44078   15.36920
1   -0.63900    5.26411   15.45630
1   -0.74070    5.24884   15.35230
1   -0.98170    5.30627   15.38980
58
Chain2 Tail1 com:    1.83657    8.89599   20.39317
Chain2 Tail2 com:   -0.63510    5.31500   15.39190
Core agg num: 2
Core num of blocks: 4
Core com:    0.60074    6.10550   17.89254
Chain1 Tail1 com:    1.83657    6.89600   20.39317
Chain1 Tail2 com:   -0.63510    3.31500   15.39190
Chain2 Tail1 com:    1.83657    8.89599   20.39317
Chain2 Tail2 com:   -0.63510    5.31500   15.39190
Core:
1    1.54077    7.00023   20.47870
1    1.71963    6.67964   20.49240
1    1.90224    6.91294   20.37220
1    2.18366    6.99117   20.22940
1   -0.17899    3.44078   15.36920
1   -0.63900    3.26411   15.45630
1   -0.74070    3.24884   15.35230
1   -0.98170    3.30627   15.38980
1    1.54077    9.00023   20.47870
1    1.71963    8.67964   20.49240
1    1.90224    8.91294   20.37220
1    2.18366    8.99117   20.22940
1   -0.17899    5.44078   15.36920
1   -0.63900    5.26411   15.45630
1   -0.74070    5.24884   15.35230
1   -0.98170    5.30627   15.38980
Group works
Group works again

------------ MICELLE ---------------
Chain1: 
1    1.54077    7.00023   20.47870
1    1.71963    6.67964   20.49240
1    1.90224    6.91294   20.37220
1    2.18366    6.99117   20.22940
2    2.34383    6.96875   20.05430
2    2.47434    6.78844   20.05000
2    2.66026    6.87661   19.89640
2    2.97047    6.79260   19.63690
2    3.09188    7.00070   19.63000
2    3.21897    6.96843   19.55190
2    3.29730    6.90508   19.33890
2    3.55758    6.93398   19.13250
2    3.24151    7.07886   18.84640
2    3.17344    7.12214   18.74900
2    3.17272    7.23376   18.62340
2    3.08027    7.17630   18.39150
2    3.15267    7.27150   18.21610
2    3.34153    7.18483   17.95580
2    3.49718    7.04929   17.85430
2    3.47356    7.01916   17.69370
2    3.64050    6.82266   17.50730
2    3.54400    6.78455   17.20500
2    3.66149    6.60989   17.10030
2    3.67296    6.62501   17.18310
2    3.67944    6.66437   16.68170
2    3.85190    6.80486   16.47170
2    3.61959    6.77237   16.21960
2    3.59650    6.73237   16.15390
2    3.39721    6.77820   15.82110
2    3.28281    6.64374   15.76130
2    3.36699    6.43953   15.42860
2    3.17202    6.52834   15.17890
2    2.95140    6.53383   15.07270
2    2.67335    6.41882   14.91010
2    2.60155    6.63532   14.84650
2    2.32909    6.66999   14.82110
2    2.21282    6.35607   14.83270
2    1.91153    6.15382   14.85150
2    1.75735    6.23406   14.79170
2    1.60442    6.08112   14.67700
2    1.30502    5.80588   14.45780
2    1.18274    5.64902   14.68730
2    0.93775    5.37214   14.66640
2    0.90460    5.12764   14.53980
2    0.47670    4.99017   14.39980
2    0.46922    4.85531   14.48060
2    0.41533    4.57652   14.19360
2    0.42516    4.51400   14.31100
2    0.35496    4.28349   14.29520
2    0.41964    4.08371   14.60250
2    0.04950    4.07242   14.84070
2    0.12930    3.75324   15.04050
2    0.07965    3.55707   14.89500
2   -0.01547    3.33303   15.16820
1   -0.17899    3.44078   15.36920
1   -0.63900    3.26411   15.45630
1   -0.74070    3.24884   15.35230
1   -0.98170    3.30627   15.38980
58
Chain2: 
1    1.54077    9.00023   20.47870
1    1.71963    8.67964   20.49240
1    1.90224    8.91294   20.37220
1    2.18366    8.99117   20.22940
2    2.34383    8.96875   20.05430
2    2.47434    8.78844   20.05000
2    2.66026    8.87661   19.89640
2    2.97047    8.79260   19.63690
2    3.09188    9.00070   19.63000
2    3.21897    8.96843   19.55190
2    3.29730    8.90508   19.33890
2    3.55758    8.93398   19.13250
2    3.24151    9.07886   18.84640
2    3.17344    9.12214   18.74900
2    3.17272    9.23376   18.62340
2    3.08027    9.17630   18.39150
2    3.15267    9.27150   18.21610
2    3.34153    9.18483   17.95580
2    3.49718    9.04929   17.85430
2    3.47356    9.01916   17.69370
2    3.64050    8.82266   17.50730
2    3.54400    8.78455   17.20500
2    3.66149    8.60989   17.10030
2    3.67296    8.62501   17.18310
2    3.67944    8.66437   16.68170
2    3.85190    8.80486   16.47170
2    3.61959    8.77237   16.21960
2    3.59650    8.73237   16.15390
2    3.39721    8.77820   15.82110
2    3.28281    8.64374   15.76130
2    3.36699    8.43953   15.42860
2    3.17202    8.52834   15.17890
2    2.95140    8.53383   15.07270
2    2.67335    8.41882   14.91010
2    2.60155    8.63532   14.84650
2    2.32909    8.66999   14.82110
2    2.21282    8.35607   14.83270
2    1.91153    8.15382   14.85150
2    1.75735    8.23406   14.79170
2    1.60442    8.08112   14.67700
2    1.30502    7.80588   14.45780
2    1.18274    7.64902   14.68730
2    0.93775    7.37214   14.66640
2    0.90460    7.12764   14.53980
2    0.47670    6.99017   14.39980
2    0.46922    6.85531   14.48060
2    0.41533    6.57652   14.19360
2    0.42516    6.51400   14.31100
2    0.35496    6.28349   14.29520
2    0.41964    6.08371   14.60250
2    0.04950    6.07242   14.84070
2    0.12930    5.75324   15.04050
2    0.07965    5.55707   14.89500
2   -0.01547    5.33303   15.16820
1   -0.17899    5.44078   15.36920
1   -0.63900    5.26411   15.45630
1   -0.74070    5.24884   15.35230
1   -0.98170    5.30627   15.38980
58
MicelleCore: 
1    1.54077    7.00023   20.47870
1    1.71963    6.67964   20.49240
1    1.90224    6.91294   20.37220
1    2.18366    6.99117   20.22940
1   -0.17899    3.44078   15.36920
1   -0.63900    3.26411   15.45630
1   -0.74070    3.24884   15.35230
1   -0.98170    3.30627   15.38980
1    1.54077    9.00023   20.47870
1    1.71963    8.67964   20.49240
1    1.90224    8.91294   20.37220
1    2.18366    8.99117   20.22940
1   -0.17899    5.44078   15.36920
1   -0.63900    5.26411   15.45630
1   -0.74070    5.24884   15.35230
1   -0.98170    5.30627   15.38980
Micelle: 
1    1.54077    7.00023   20.47870
1    1.71963    6.67964   20.49240
1    1.90224    6.91294   20.37220
1    2.18366    6.99117   20.22940
2    2.34383    6.96875   20.05430
2    2.47434    6.78844   20.05000
2    2.66026    6.87661   19.89640
2    2.97047    6.79260   19.63690
2    3.09188    7.00070   19.63000
2    3.21897    6.96843   19.55190
2    3.29730    6.90508   19.33890
2    3.55758    6.93398   19.13250
2    3.24151    7.07886   18.84640
2    3.17344    7.12214   18.74900
2    3.17272    7.23376   18.62340
2    3.08027    7.17630   18.39150
2    3.15267    7.27150   18.21610
2    3.34153    7.18483   17.95580
2    3.49718    7.04929   17.85430
2    3.47356    7.01916   17.69370
2    3.64050    6.82266   17.50730
2    3.54400    6.78455   17.20500
2    3.66149    6.60989   17.10030
2    3.67296    6.62501   17.18310
2    3.67944    6.66437   16.68170
2    3.85190    6.80486   16.47170
2    3.61959    6.77237   16.21960
2    3.59650    6.73237   16.15390
2    3.39721    6.77820   15.82110
2    3.28281    6.64374   15.76130
2    3.36699    6.43953   15.42860
2    3.17202    6.52834   15.17890
2    2.95140    6.53383   15.07270
2    2.67335    6.41882   14.91010
2    2.60155    6.63532   14.84650
2    2.32909    6.66999   14.82110
2    2.21282    6.35607   14.83270
2    1.91153    6.15382   14.85150
2    1.75735    6.23406   14.79170
2    1.60442    6.08112   14.67700
2    1.30502    5.80588   14.45780
2    1.18274    5.64902   14.68730
2    0.93775    5.37214   14.66640
2    0.90460    5.12764   14.53980
2    0.47670    4.99017   14.39980
2    0.46922    4.85531   14.48060
2    0.41533    4.57652   14.19360
2    0.42516    4.51400   14.31100
2    0.35496    4.28349   14.29520
2    0.41964    4.08371   14.60250
2    0.04950    4.07242   14.84070
2    0.12930    3.75324   15.04050
2    0.07965    3.55707   14.89500
2   -0.01547    3.33303   15.16820
1   -0.17899    3.44078   15.36920
1   -0.63900    3.26411   15.45630
1   -0.74070    3.24884   15.35230
1   -0.98170    3.30627   15.38980
1    1.54077    9.00023   20.47870
1    1.71963    8.67964   20.49240
1    1.90224    8.91294   20.37220
1    2.18366    8.99117   20.22940
2    2.34383    8.96875   20.05430
2    2.47434    8.78844   20.05000
2    2.66026    8.87661   19.89640
2    2.97047    8.79260   19.63690
2    3.09188    9.00070   19.63000
2    3.21897    8.96843   19.55190
2    3.29730    8.90508   19.33890
2    3.55758    8.93398   19.13250
2    3.24151    9.07886   18.84640
2    3.17344    9.12214   18.74900
2    3.17272    9.23376   18.62340
2    3.08027    9.17630   18.39150
2    3.15267    9.27150   18.21610
2    3.34153    9.18483   17.95580
2    3.49718    9.04929   17.85430
2    3.47356    9.01916   17.69370
2    3.64050    8.82266   17.50730
2    3.54400    8.78455   17.20500
2    3.66149    8.60989   17.10030
2    3.67296    8.62501   17.18310
2    3.67944    8.66437   16.68170
2    3.85190    8.80486   16.47170
2    3.61959    8.77237   16.21960
2    3.59650    8.73237   16.15390
2    3.39721    8.77820   15.82110
2    3.28281    8.64374   15.76130
2    3.36699    8.43953   15.42860
2    3.17202    8.52834   15.17890
2    2.95140    8.53383   15.07270
2    2.67335    8.41882   14.91010
2    2.60155    8.63532   14.84650
2    2.32909    8.66999   14.82110
2    2.21282    8.35607   14.83270
2    1.91153    8.15382   14.85150
2    1.75735    8.23406   14.79170
2    1.60442    8.08112   14.67700
2    1.30502    7.80588   14.45780
2    1.18274    7.64902   14.68730
2    0.93775    7.37214   14.66640
2    0.90460    7.12764   14.53980
2    0.47670    6.99017   14.39980
2    0.46922    6.85531   14.48060
2    0.41533    6.57652   14.19360
2    0.42516    6.51400   14.31100
2    0.35496    6.28349   14.29520
2    0.41964    6.08371   14.60250
2    0.04950    6.07242   14.84070
2    0.12930    5.75324   15.04050
2    0.07965    5.55707   14.89500
2   -0.01547    5.33303   15.16820
1   -0.17899    5.44078   15.36920
1   -0.63900    5.26411   15.45630
1   -0.74070    5.24884   15.35230
1   -0.98170    5.30627   15.38980
Micelle (corrected): 
1    1.54077    7.00023   20.47870
1    1.71963    6.67964   20.49240
1    1.90224    6.91294   20.37220
1    2.18366    6.99117   20.22940
2    2.34383    6.96875   20.05430
2    2.47434    6.78844   20.05000
2    2.66026    6.87661   19.89640
2    2.97047    6.79260   19.63690
2    3.09188    7.00070   19.63000
2    3.21897    6.96843   19.55190
2    3.29730    6.90508   19.33890
2    3.55758    6.93398   19.13250
2    3.24151    7.07886   18.84640
2    3.17344    7.12214   18.74900
2    3.17272    7.23376   18.62340
2    3.08027    7.17630   18.39150
2    3.15267    7.27150   18.21610
2    3.34153    7.18483   17.95580
2    3.49718    7.04929   17.85430
2    3.47356    7.01916   17.69370
2    3.64050    6.82266   17.50730
2    3.54400    6.78455   17.20500
2    3.66149    6.60989   17.10030
2    3.67296    6.62501   17.18310
2    3.67944    6.66437   16.68170
2    3.85190    6.80486   16.47170
2    3.61959    6.77237   16.21960
2    3.59650    6.73237   16.15390
2    3.39721    6.77820   15.82110
2    3.28281    6.64374   15.76130
2    3.36699    6.43953   15.42860
2    3.17202    6.52834   15.17890
2    2.95140    6.53383   15.07270
2    2.67335    6.41882   14.91010
2    2.60155    6.63532   14.84650
2    2.32909    6.66999   14.82110
2    2.21282    6.35607   14.83270
2    1.91153    6.15382   14.85150
2    1.75735    6.23406   14.79170
2    1.60442    6.08112   14.67700
2    1.30502    5.80588   14.45780
2    1.18274    5.64902   14.68730
2    0.93775    5.37214   14.66640
2    0.90460    5.12764   14.53980
2    0.47670    4.99017   14.39980
2    0.46922    4.85531   14.48060
2    0.41533    4.57652   14.19360
2    0.42516    4.51400   14.31100
2    0.35496    4.28349   14.29520
2    0.41964    4.08371   14.60250
2    0.04950    4.07242   14.84070
2    0.12930    3.75324   15.04050
2    0.07965    3.55707   14.89500
2   -0.01547    3.33303   15.16820
1   -0.17899    3.44078   15.36920
1   -0.63900    3.26411   15.45630
1   -0.74070    3.24884   15.35230
1   -0.98170    3.30627   15.38980
1    1.54077    9.00023   20.47870
1    1.71963    8.67964   20.49240
1    1.90224    8.91294   20.37220
1    2.18366    8.99117   20.22940
2    2.34383    8.96875   20.05430
2    2.47434    8.78844   20.05000
2    2.66026    8.87661   19.89640
2    2.97047    8.79260   19.63690
2    3.09188    9.00070   19.63000
2    3.21897    8.96843   19.55190
2    3.29730    8.90508   19.33890
2    3.55758    8.93398   19.13250
2    3.24151    9.07886   18.84640
2    3.17344    9.12214   18.74900
2    3.17272    9.23376   18.62340
2    3.08027    9.17630   18.39150
2    3.15267    9.27150   18.21610
2    3.34153    9.18483   17.95580
2    3.49718    9.04929   17.85430
2    3.47356    9.01916   17.69370
2    3.64050    8.82266   17.50730
2    3.54400    8.78455   17.20500
2    3.66149    8.60989   17.10030
2    3.67296    8.62501   17.18310
2    3.67944    8.66437   16.68170
2    3.85190    8.80486   16.47170
2    3.61959    8.77237   16.21960
2    3.59650    8.73237   16.15390
2    3.39721    8.77820   15.82110
2    3.28281    8.64374   15.76130
2    3.36699    8.43953   15.42860
2    3.17202    8.52834   15.17890
2    2.95140    8.53383   15.07270
2    2.67335    8.41882   14.91010
2    2.60155    8.63532   14.84650
2    2.32909    8.66999   14.82110
2    2.21282    8.35607   14.83270
2    1.91153    8.15382   14.85150
2    1.75735    8.23406   14.79170
2    1.60442    8.08112   14.67700
2    1.30502    7.80588   14.45780
2    1.18274    7.64902   14.68730
2    0.93775    7.37214   14.66640
2    0.90460    7.12764   14.53980
2    0.47670    6.99017   14.39980
2    0.46922    6.85531   14.48060
2    0.41533    6.57652   14.19360
2    0.42516    6.51400   14.31100
2    0.35496    6.28349   14.29520
2    0.41964    6.08371   14.60250
2    0.04950    6.07242   14.84070
2    0.12930    5.75324   15.04050
2    0.07965    5.55707   14.89500
2   -0.01547    5.33303   15.16820
1   -0.17899    5.44078   15.36920
1   -0.63900    5.26411   15.45630
1   -0.74070    5.24884   15.35230
1   -0.98170    5.30627   15.38980

------------------ FRAME -------------------
58
Tail1 com:    1.83657    6.89600   20.39317
Tail2 com:   -0.63510    3.31500   15.39190
PEC com:    2.34817    6.15266   16.47431
0 3 10
17 1 7
