------------ BEAD ---------
  25.00000   25.00000
   0.00000    9.00000   16.00000    0.00000    0.00000   12.00000
  25.00000
1    0.00000    3.00000   -3.00000
1    0.00000    3.00000    3.00000
103 1 101 102
  18.00000
1    1.54077    7.00023   20.47870

---------- BLOCK -------------
   1.00000   -0.20000    0.40000
1   -1.00000    2.00000   -1.00000
1    5.00000   -1.00000    2.00000
   1.00000   -0.20000    0.40000
1   -1.00000    2.00000   -1.00000
1    5.00000   -1.00000    2.00000
   1.83657    6.89600   20.39317
1    1.54077    7.00023   20.47870
1    1.71963    6.67964   20.49240
1    1.90224    6.91294   20.37220
1    2.18366    6.99117   20.22940

---------- TRIBLOCK -----------
1    1.54077    7.00023   20.47870
1    1.71963    6.67964   20.49240
1    1.90224    6.91294   20.37220
1    2.18366    6.99117   20.22940
2    2.34383    6.96875   20.05430
2    2.47434    6.78844   20.05000
2    2.66026    6.87661   19.89640
2    2.97047    6.79260   19.63690
2    3.09188    7.00070   19.63000
2    3.21897    6.96843   19.55190
2    3.29730    6.90508   19.33890
2    3.55758    6.93398   19.13250
2    3.24151    7.07886   18.84640
2    3.17344    7.12214   18.74900
2    3.17272    7.23376   18.62340
2    3.08027    7.17630   18.39150
2    3.15267    7.27150   18.21610
2    3.34153    7.18483   17.95580
2    3.49718    7.04929   17.85430
2    3.47356    7.01916   17.69370
2    3.64050    6.82266   17.50730
2    3.54400    6.78455   17.20500
2    3.66149    6.60989   17.10030
2    3.67296    6.62501   17.18310
2    3.67944    6.66437   16.68170
2    3.85190    6.80486   16.47170
2    3.61959    6.77237   16.21960
2    3.59650    6.73237   16.15390
2    3.39721    6.77820   15.82110
2    3.28281    6.64374   15.76130
2    3.36699    6.43953   15.42860
2    3.17202    6.52834   15.17890
2    2.95140    6.53383   15.07270
2    2.67335    6.41882   14.91010
2    2.60155    6.63532   14.84650
2    2.32909    6.66999   14.82110
2    2.21282    6.35607   14.83270
2    1.91153    6.15382   14.85150
2    1.75735    6.23406   14.79170
2    1.60442    6.08112   14.67700
2    1.30502    5.80588   14.45780
2    1.18274    5.64902   14.68730
2    0.93775    5.37214   14.66640
2    0.90460    5.12764   14.53980
2    0.47670    4.99017   14.39980
2    0.46922    4.85531   14.48060
2    0.41533    4.57652   14.19360
2    0.42516    4.51400   14.31100
2    0.35496    4.28349   14.29520
2    0.41964    4.08371   14.60250
2    0.04950    4.07242   14.84070
2    0.12930    3.75324   15.04050
2    0.07965    3.55707   14.89500
2   -0.01547    3.33303   15.16820
1   -0.17899    3.44078   15.36920
1   -0.63900    3.26411   15.45630
1   -0.74070    3.24884   15.35230
1   -0.98170    3.30627   15.38980
58
1    4.01905    5.13029   12.84243
1    3.98415    5.11919   12.74938
1    3.94925    5.10809   12.65633
1    3.91435    5.09698   12.56327
1    3.87945    5.08588   12.47022
2    3.84455    5.07478   12.37717
2    3.80965    5.06367   12.28412
2    3.77475    5.05257   12.19106
2    3.73985    5.04147   12.09801
2    3.70495    5.03036   12.00496
2    3.67005    5.01926   11.91191
2    3.63515    5.00816   11.81885
2    3.60025    4.99705   11.72580
2    3.56535    4.98595   11.63275
2    3.53045    4.97485   11.53970
2    3.49555    4.96374   11.44664
2    3.46065    4.95264   11.35359
2    3.42575    4.94154   11.26054
2    3.39085    4.93043   11.16749
2    3.35595    4.91933   11.07444
2    3.32105    4.90823   10.98138
2    3.28615    4.89712   10.88833
2    3.25125    4.88602   10.79528
2    3.21635    4.87492   10.70223
2    3.18145    4.86381   10.60917
2    3.14656    4.85271   10.51612
2    3.11166    4.84161   10.42307
2    3.07676    4.83050   10.33002
2    3.04186    4.81940   10.23696
2    3.00696    4.80830   10.14391
2    2.97206    4.79719   10.05086
2    2.93716    4.78609    9.95781
2    2.90226    4.77499    9.86476
2    2.86736    4.76388    9.77170
2    2.83246    4.75278    9.67865
1    2.79756    4.74168    9.58560
1    2.76266    4.73057    9.49255
1    2.72776    4.71947    9.39949
1    2.69286    4.70837    9.30644
1    2.65796    4.69726    9.21339

------------ BIN ------------
Chain1: 
1    1.54077    7.00023   20.47870
1    1.71963    6.67964   20.49240
1    1.90224    6.91294   20.37220
1    2.18366    6.99117   20.22940
2    2.34383    6.96875   20.05430
2    2.47434    6.78844   20.05000
2    2.66026    6.87661   19.89640
2    2.97047    6.79260   19.63690
2    3.09188    7.00070   19.63000
2    3.21897    6.96843   19.55190
2    3.29730    6.90508   19.33890
2    3.55758    6.93398   19.13250
2    3.24151    7.07886   18.84640
2    3.17344    7.12214   18.74900
2    3.17272    7.23376   18.62340
2    3.08027    7.17630   18.39150
2    3.15267    7.27150   18.21610
2    3.34153    7.18483   17.95580
2    3.49718    7.04929   17.85430
2    3.47356    7.01916   17.69370
2    3.64050    6.82266   17.50730
2    3.54400    6.78455   17.20500
2    3.66149    6.60989   17.10030
2    3.67296    6.62501   17.18310
2    3.67944    6.66437   16.68170
2    3.85190    6.80486   16.47170
2    3.61959    6.77237   16.21960
2    3.59650    6.73237   16.15390
2    3.39721    6.77820   15.82110
2    3.28281    6.64374   15.76130
2    3.36699    6.43953   15.42860
2    3.17202    6.52834   15.17890
2    2.95140    6.53383   15.07270
2    2.67335    6.41882   14.91010
2    2.60155    6.63532   14.84650
2    2.32909    6.66999   14.82110
2    2.21282    6.35607   14.83270
2    1.91153    6.15382   14.85150
2    1.75735    6.23406   14.79170
2    1.60442    6.08112   14.67700
2    1.30502    5.80588   14.45780
2    1.18274    5.64902   14.68730
2    0.93775    5.37214   14.66640
2    0.90460    5.12764   14.53980
2    0.47670    4.99017   14.39980
2    0.46922    4.85531   14.48060
2    0.41533    4.57652   14.19360
2    0.42516    4.51400   14.31100
2    0.35496    4.28349   14.29520
2    0.41964    4.08371   14.60250
2    0.04950    4.07242   14.84070
2    0.12930    3.75324   15.04050
2    0.07965    3.55707   14.89500
2   -0.01547    3.33303   15.16820
1   -0.17899    3.44078   15.36920
1   -0.63900    3.26411   15.45630
1   -0.74070    3.24884   15.35230
1   -0.98170    3.30627   15.38980
58
Chain2: 
1    1.54077    9.00023   20.47870
1    1.71963    8.67964   20.49240
1    1.90224    8.91294   20.37220
1    2.18366    8.99117   20.22940
2    2.34383    8.96875   20.05430
2    2.47434    8.78844   20.05000
2    2.66026    8.87661   19.89640
2    2.97047    8.79260   19.63690
2    3.09188    9.00070   19.63000
2    3.21897    8.96843   19.55190
2    3.29730    8.90508   19.33890
2    3.55758    8.93398   19.13250
2    3.24151    9.07886   18.84640
2    3.17344    9.12214   18.74900
2    3.17272    9.23376   18.62340
2    3.08027    9.17630   18.39150
2    3.15267    9.27150   18.21610
2    3.34153    9.18483   17.95580
2    3.49718    9.04929   17.85430
2    3.47356    9.01916   17.69370
2    3.64050    8.82266   17.50730
2    3.54400    8.78455   17.20500
2    3.66149    8.60989   17.10030
2    3.67296    8.62501   17.18310
2    3.67944    8.66437   16.68170
2    3.85190    8.80486   16.47170
2    3.61959    8.77237   16.21960
2    3.59650    8.73237   16.15390
2    3.39721    8.77820   15.82110
2    3.28281    8.64374   15.76130
2    3.36699    8.43953   15.42860
2    3.17202    8.52834   15.17890
2    2.95140    8.53383   15.07270
2    2.67335    8.41882   14.91010
2    2.60155    8.63532   14.84650
2    2.32909    8.66999   14.82110
2    2.21282    8.35607   14.83270
2    1.91153    8.15382   14.85150
2    1.75735    8.23406   14.79170
2    1.60442    8.08112   14.67700
2    1.30502    7.80588   14.45780
2    1.18274    7.64902   14.68730
2    0.93775    7.37214   14.66640
2    0.90460    7.12764   14.53980
2    0.47670    6.99017   14.39980
2    0.46922    6.85531   14.48060
2    0.41533    6.57652   14.19360
2    0.42516    6.51400   14.31100
2    0.35496    6.28349   14.29520
2    0.41964    6.08371   14.60250
2    0.04950    6.07242   14.84070
2    0.12930    5.75324   15.04050
2    0.07965    5.55707   14.89500
2   -0.01547    5.33303   15.16820
1   -0.17899    5.44078   15.36920
1   -0.63900    5.26411   15.45630
1   -0.74070    5.24884   15.35230
1   -0.98170    5.30627   15.38980
58
YAY
Hooray1!
YAY2
Bin1: (so far) 
1    1.54077    7.00023   20.47870
1    1.71963    6.67964   20.49240
1    1.90224    6.91294   20.37220
1    2.18366    6.99117   20.22940
1    1.54077    9.00023   20.47870
1    1.71963    8.67964   20.49240
1    1.90224    8.91294   20.37220
1    2.18366    8.99117   20.22940
Working...
Still works...
Number of different chains in Bin1: 2
Number of different chains in Bin2: 2

------------ CORE ---------------
Chain1: 
1    1.54077    7.00023   20.47870
1    1.71963    6.67964   20.49240
1    1.90224    6.91294   20.37220
1    2.18366    6.99117   20.22940
2    2.34383    6.96875   20.05430
2    2.47434    6.78844   20.05000
2    2.66026    6.87661   19.89640
2    2.97047    6.79260   19.63690
2    3.09188    7.00070   19.63000
2    3.21897    6.96843   19.55190
2    3.29730    6.90508   19.33890
2    3.55758    6.93398   19.13250
2    3.24151    7.07886   18.84640
2    3.17344    7.12214   18.74900
2    3.17272    7.23376   18.62340
2    3.08027    7.17630   18.39150
2    3.15267    7.27150   18.21610
2    3.34153    7.18483   17.95580
2    3.49718    7.04929   17.85430
2    3.47356    7.01916   17.69370
2    3.64050    6.82266   17.50730
2    3.54400    6.78455   17.20500
2    3.66149    6.60989   17.10030
2    3.67296    6.62501   17.18310
2    3.67944    6.66437   16.68170
2    3.85190    6.80486   16.47170
2    3.61959    6.77237   16.21960
2    3.59650    6.73237   16.15390
2    3.39721    6.77820   15.82110
2    3.28281    6.64374   15.76130
2    3.36699    6.43953   15.42860
2    3.17202    6.52834   15.17890
2    2.95140    6.53383   15.07270
2    2.67335    6.41882   14.91010
2    2.60155    6.63532   14.84650
2    2.32909    6.66999   14.82110
2    2.21282    6.35607   14.83270
2    1.91153    6.15382   14.85150
2    1.75735    6.23406   14.79170
2    1.60442    6.08112   14.67700
2    1.30502    5.80588   14.45780
2    1.18274    5.64902   14.68730
2    0.93775    5.37214   14.66640
2    0.90460    5.12764   14.53980
2    0.47670    4.99017   14.39980
2    0.46922    4.85531   14.48060
2    0.41533    4.57652   14.19360
2    0.42516    4.51400   14.31100
2    0.35496    4.28349   14.29520
2    0.41964    4.08371   14.60250
2    0.04950    4.07242   14.84070
2    0.12930    3.75324   15.04050
2    0.07965    3.55707   14.89500
2   -0.01547    3.33303   15.16820
1   -0.17899    3.44078   15.36920
1   -0.63900    3.26411   15.45630
1   -0.74070    3.24884   15.35230
1   -0.98170    3.30627   15.38980
58
Chain1 Tail1 com:    1.83657    6.89600   20.39317
Chain1 Tail2 com:   -0.63510    3.31500   15.39190
Chain2: 
1    1.54077    9.00023   20.47870
1    1.71963    8.67964   20.49240
1    1.90224    8.91294   20.37220
1    2.18366    8.99117   20.22940
2    2.34383    8.96875   20.05430
2    2.47434    8.78844   20.05000
2    2.66026    8.87661   19.89640
2    2.97047    8.79260   19.63690
2    3.09188    9.00070   19.63000
2    3.21897    8.96843   19.55190
2    3.29730    8.90508   19.33890
2    3.55758    8.93398   19.13250
2    3.24151    9.07886   18.84640
2    3.17344    9.12214   18.74900
2    3.17272    9.23376   18.62340
2    3.08027    9.17630   18.39150
2    3.15267    9.27150   18.21610
2    3.34153    9.18483   17.95580
2    3.49718    9.04929   17.85430
2    3.47356    9.01916   17.69370
2    3.64050    8.82266   17.50730
2    3.54400    8.78455   17.20500
2    3.66149    8.60989   17.10030
2    3.67296    8.62501   17.18310
2    3.67944    8.66437   16.68170
2    3.85190    8.80486   16.47170
2    3.61959    8.77237   16.21960
2    3.59650    8.73237   16.15390
2    3.39721    8.77820   15.82110
2    3.28281    8.64374   15.76130
2    3.36699    8.43953   15.42860
2    3.17202    8.52834   15.17890
2    2.95140    8.53383   15.07270
2    2.67335    8.41882   14.91010
2    2.60155    8.63532   14.84650
2    2.32909    8.66999   14.82110
2    2.21282    8.35607   14.83270
2    1.91153    8.15382   14.85150
2    1.75735    8.23406   14.79170
2    1.60442    8.08112   14.67700
2    1.30502    7.80588   14.45780
2    1.18274    7.64902   14.68730
2    0.93775    7.37214   14.66640
2    0.90460    7.12764   14.53980
2    0.47670    6.99017   14.39980
2    0.46922    6.85531   14.48060
2    0.41533    6.57652   14.19360
2    0.42516    6.51400   14.31100
2    0.35496    6.28349   14.29520
2    0.41964    6.08371   14.60250
2    0.04950    6.07242   14.84070
2    0.12930    5.75324   15.04050
2    0.07965    5.55707   14.89500
2   -0.01547    5.33303   15.16820
1   -0.17899    5.44078   15.36920
1   -0.63900    5.26411   15.45630
1   -0.74070    5.24884   15.35230
1   -0.98170    5.30627   15.38980
58
Chain2 Tail1 com:    1.83657    8.89599   20.39317
Chain2 Tail2 com:   -0.63510    5.31500   15.39190
Core agg num: 2
Core num of blocks: 4
Core com:    0.60074    6.10550   17.89254
Chain1 Tail1 com:    1.83657    6.89600   20.39317
Chain1 Tail2 com:   -0.63510    3.31500   15.39190
Chain2 Tail1 com:    1.83657    8.89599   20.39317
Chain2 Tail2 com:   -0.63510    5.31500   15.39190
Core:
1    1.54077    7.00023   20.47870
1    1.71963    6.67964   20.49240
1    1.90224    6.91294   20.37220
1    2.18366    6.99117   20.22940
1   -0.17899    3.44078   15.36920
1   -0.63900    3.26411   15.45630
1   -0.74070    3.24884   15.35230
1   -0.98170    3.30627   15.38980
1    1.54077    9.00023   20.47870
1    1.71963    8.67964   20.49240
1    1.90224    8.91294   20.37220
1    2.18366    8.99117   20.22940
1   -0.17899    5.44078   15.36920
1   -0.63900    5.26411   15.45630
1   -0.74070    5.24884   15.35230
1   -0.98170    5.30627   15.38980
Group works
Group works again

------------ MICELLE ---------------
Chain1: 
1    1.54077    7.00023   20.47870
1    1.71963    6.67964   20.49240
1    1.90224    6.91294   20.37220
1    2.18366    6.99117   20.22940
2    2.34383    6.96875   20.05430
2    2.47434    6.78844   20.05000
2    2.66026    6.87661   19.89640
2    2.97047    6.79260   19.63690
2    3.09188    7.00070   19.63000
2    3.21897    6.96843   19.55190
2    3.29730    6.90508   19.33890
2    3.55758    6.93398   19.13250
2    3.24151    7.07886   18.84640
2    3.17344    7.12214   18.74900
2    3.17272    7.23376   18.62340
2    3.08027    7.17630   18.39150
2    3.15267    7.27150   18.21610
2    3.34153    7.18483   17.95580
2    3.49718    7.04929   17.85430
2    3.47356    7.01916   17.69370
2    3.64050    6.82266   17.50730
2    3.54400    6.78455   17.20500
2    3.66149    6.60989   17.10030
2    3.67296    6.62501   17.18310
2    3.67944    6.66437   16.68170
2    3.85190    6.80486   16.47170
2    3.61959    6.77237   16.21960
2    3.59650    6.73237   16.15390
2    3.39721    6.77820   15.82110
2    3.28281    6.64374   15.76130
2    3.36699    6.43953   15.42860
2    3.17202    6.52834   15.17890
2    2.95140    6.53383   15.07270
2    2.67335    6.41882   14.91010
2    2.60155    6.63532   14.84650
2    2.32909    6.66999   14.82110
2    2.21282    6.35607   14.83270
2    1.91153    6.15382   14.85150
2    1.75735    6.23406   14.79170
2    1.60442    6.08112   14.67700
2    1.30502    5.80588   14.45780
2    1.18274    5.64902   14.68730
2    0.93775    5.37214   14.66640
2    0.90460    5.12764   14.53980
2    0.47670    4.99017   14.39980
2    0.46922    4.85531   14.48060
2    0.41533    4.57652   14.19360
2    0.42516    4.51400   14.31100
2    0.35496    4.28349   14.29520
2    0.41964    4.08371   14.60250
2    0.04950    4.07242   14.84070
2    0.12930    3.75324   15.04050
2    0.07965    3.55707   14.89500
2   -0.01547    3.33303   15.16820
1   -0.17899    3.44078   15.36920
1   -0.63900    3.26411   15.45630
1   -0.74070    3.24884   15.35230
1   -0.98170    3.30627   15.38980
58
Chain2: 
1    1.54077    9.00023   20.47870
1    1.71963    8.67964   20.49240
1    1.90224    8.91294   20.37220
1    2.18366    8.99117   20.22940
2    2.34383    8.96875   20.05430
2    2.47434    8.78844   20.05000
2    2.66026    8.87661   19.89640
2    2.97047    8.79260   19.63690
2    3.09188    9.00070   19.63000
2    3.21897    8.96843   19.55190
2    3.29730    8.90508   19.33890
2    3.55758    8.93398   19.13250
2    3.24151    9.07886   18.84640
2    3.17344    9.12214   18.74900
2    3.17272    9.23376   18.62340
2    3.08027    9.17630   18.39150
2    3.15267    9.27150   18.21610
2    3.34153    9.18483   17.95580
2    3.49718    9.04929   17.85430
2    3.47356    9.01916   17.69370
2    3.64050    8.82266   17.50730
2    3.54400    8.78455   17.20500
2    3.66149    8.60989   17.10030
2    3.67296    8.62501   17.18310
2    3.67944    8.66437   16.68170
2    3.85190    8.80486   16.47170
2    3.61959    8.77237   16.21960
2    3.59650    8.73237   16.15390
2    3.39721    8.77820   15.82110
2    3.28281    8.64374   15.76130
2    3.36699    8.43953   15.42860
2    3.17202    8.52834   15.17890
2    2.95140    8.53383   15.07270
2    2.67335    8.41882   14.91010
2    2.60155    8.63532   14.84650
2    2.32909    8.66999   14.82110
2    2.21282    8.35607   14.83270
2    1.91153    8.15382   14.85150
2    1.75735    8.23406   14.79170
2    1.60442    8.08112   14.67700
2    1.30502    7.80588   14.45780
2    1.18274    7.64902   14.68730
2    0.93775    7.37214   14.66640
2    0.90460    7.12764   14.53980
2    0.47670    6.99017   14.39980
2    0.46922    6.85531   14.48060
2    0.41533    6.57652   14.19360
2    0.42516    6.51400   14.31100
2    0.35496    6.28349   14.29520
2    0.41964    6.08371   14.60250
2    0.04950    6.07242   14.84070
2    0.12930    5.75324   15.04050
2    0.07965    5.55707   14.89500
2   -0.01547    5.33303   15.16820
1   -0.17899    5.44078   15.36920
1   -0.63900    5.26411   15.45630
1   -0.74070    5.24884   15.35230
1   -0.98170    5.30627   15.38980
58
MicelleCore: 
1    1.54077    7.00023   20.47870
1    1.71963    6.67964   20.49240
1    1.90224    6.91294   20.37220
1    2.18366    6.99117   20.22940
1   -0.17899    3.44078   15.36920
1   -0.63900    3.26411   15.45630
1   -0.74070    3.24884   15.35230
1   -0.98170    3.30627   15.38980
1    1.54077    9.00023   20.47870
1    1.71963    8.67964   20.49240
1    1.90224    8.91294   20.37220
1    2.18366    8.99117   20.22940
1   -0.17899    5.44078   15.36920
1   -0.63900    5.26411   15.45630
1   -0.74070    5.24884   15.35230
1   -0.98170    5.30627   15.38980
Micelle: 
1    1.54077    7.00023   20.47870
1    1.71963    6.67964   20.49240
1    1.90224    6.91294   20.37220
1    2.18366    6.99117   20.22940
2    2.34383    6.96875   20.05430
2    2.47434    6.78844   20.05000
2    2.66026    6.87661   19.89640
2    2.97047    6.79260   19.63690
2    3.09188    7.00070   19.63000
2    3.21897    6.96843   19.55190
2    3.29730    6.90508   19.33890
2    3.55758    6.93398   19.13250
2    3.24151    7.07886   18.84640
2    3.17344    7.12214   18.74900
2    3.17272    7.23376   18.62340
2    3.08027    7.17630   18.39150
2    3.15267    7.27150   18.21610
2    3.34153    7.18483   17.95580
2    3.49718    7.04929   17.85430
2    3.47356    7.01916   17.69370
2    3.64050    6.82266   17.50730
2    3.54400    6.78455   17.20500
2    3.66149    6.60989   17.10030
2    3.67296    6.62501   17.18310
2    3.67944    6.66437   16.68170
2    3.85190    6.80486   16.47170
2    3.61959    6.77237   16.21960
2    3.59650    6.73237   16.15390
2    3.39721    6.77820   15.82110
2    3.28281    6.64374   15.76130
2    3.36699    6.43953   15.42860
2    3.17202    6.52834   15.17890
2    2.95140    6.53383   15.07270
2    2.67335    6.41882   14.91010
2    2.60155    6.63532   14.84650
2    2.32909    6.66999   14.82110
2    2.21282    6.35607   14.83270
2    1.91153    6.15382   14.85150
2    1.75735    6.23406   14.79170
2    1.60442    6.08112   14.67700
2    1.30502    5.80588   14.45780
2    1.18274    5.64902   14.68730
2    0.93775    5.37214   14.66640
2    0.90460    5.12764   14.53980
2    0.47670    4.99017   14.39980
2    0.46922    4.85531   14.48060
2    0.41533    4.57652   14.19360
2    0.42516    4.51400   14.31100
2    0.35496    4.28349   14.29520
2    0.41964    4.08371   14.60250
2    0.04950    4.07242   14.84070
2    0.12930    3.75324   15.04050
2    0.07965    3.55707   14.89500
2   -0.01547    3.33303   15.16820
1   -0.17899    3.44078   15.36920
1   -0.63900    3.26411   15.45630
1   -0.74070    3.24884   15.35230
1   -0.98170    3.30627   15.38980
1    1.54077    9.00023   20.47870
1    1.71963    8.67964   20.49240
1    1.90224    8.91294   20.37220
1    2.18366    8.99117   20.22940
2    2.34383    8.96875   20.05430
2    2.47434    8.78844   20.05000
2    2.66026    8.87661   19.89640
2    2.97047    8.79260   19.63690
2    3.09188    9.00070   19.63000
2    3.21897    8.96843   19.55190
2    3.29730    8.90508   19.33890
2    3.55758    8.93398   19.13250
2    3.24151    9.07886   18.84640
2    3.17344    9.12214   18.74900
2    3.17272    9.23376   18.62340
2    3.08027    9.17630   18.39150
2    3.15267    9.27150   18.21610
2    3.34153    9.18483   17.95580
2    3.49718    9.04929   17.85430
2    3.47356    9.01916   17.69370
2    3.64050    8.82266   17.50730
2    3.54400    8.78455   17.20500
2    3.66149    8.60989   17.10030
2    3.67296    8.62501   17.18310
2    3.67944    8.66437   16.68170
2    3.85190    8.80486   16.47170
2    3.61959    8.77237   16.21960
2    3.59650    8.73237   16.15390
2    3.39721    8.77820   15.82110
2    3.28281    8.64374   15.76130
2    3.36699    8.43953   15.42860
2    3.17202    8.52834   15.17890
2    2.95140    8.53383   15.07270
2    2.67335    8.41882   14.91010
2    2.60155    8.63532   14.84650
2    2.32909    8.66999   14.82110
2    2.21282    8.35607   14.83270
2    1.91153    8.15382   14.85150
2    1.75735    8.23406   14.79170
2    1.60442    8.08112   14.67700
2    1.30502    7.80588   14.45780
2    1.18274    7.64902   14.68730
2    0.93775    7.37214   14.66640
2    0.90460    7.12764   14.53980
2    0.47670    6.99017   14.39980
2    0.46922    6.85531   14.48060
2    0.41533    6.57652   14.19360
2    0.42516    6.51400   14.31100
2    0.35496    6.28349   14.29520
2    0.41964    6.08371   14.60250
2    0.04950    6.07242   14.84070
2    0.12930    5.75324   15.04050
2    0.07965    5.55707   14.89500
2   -0.01547    5.33303   15.16820
1   -0.17899    5.44078   15.36920
1   -0.63900    5.26411   15.45630
1   -0.74070    5.24884   15.35230
1   -0.98170    5.30627   15.38980
Micelle (corrected): 
1    1.54077    7.00023   20.47870
1    1.71963    6.67964   20.49240
1    1.90224    6.91294   20.37220
1    2.18366    6.99117   20.22940
2    2.34383    6.96875   20.05430
2    2.47434    6.78844   20.05000
2    2.66026    6.87661   19.89640
2    2.97047    6.79260   19.63690
2    3.09188    7.00070   19.63000
2    3.21897    6.96843   19.55190
2    3.29730    6.90508   19.33890
2    3.55758    6.93398   19.13250
2    3.24151    7.07886   18.84640
2    3.17344    7.12214   18.74900
2    3.17272    7.23376   18.62340
2    3.08027    7.17630   18.39150
2    3.15267    7.27150   18.21610
2    3.34153    7.18483   17.95580
2    3.49718    7.04929   17.85430
2    3.47356    7.01916   17.69370
2    3.64050    6.82266   17.50730
2    3.54400    6.78455   17.20500
2    3.66149    6.60989   17.10030
2    3.67296    6.62501   17.18310
2    3.67944    6.66437   16.68170
2    3.85190    6.80486   16.47170
2    3.61959    6.77237   16.21960
2    3.59650    6.73237   16.15390
2    3.39721    6.77820   15.82110
2    3.28281    6.64374   15.76130
2    3.36699    6.43953   15.42860
2    3.17202    6.52834   15.17890
2    2.95140    6.53383   15.07270
2    2.67335    6.41882   14.91010
2    2.60155    6.63532   14.84650
2    2.32909    6.66999   14.82110
2    2.21282    6.35607   14.83270
2    1.91153    6.15382   14.85150
2    1.75735    6.23406   14.79170
2    1.60442    6.08112   14.67700
2    1.30502    5.80588   14.45780
2    1.18274    5.64902   14.68730
2    0.93775    5.37214   14.66640
2    0.90460    5.12764   14.53980
2    0.47670    4.99017   14.39980
2    0.46922    4.85531   14.48060
2    0.41533    4.57652   14.19360
2    0.42516    4.51400   14.31100
2    0.35496    4.28349   14.29520
2    0.41964    4.08371   14.60250
2    0.04950    4.07242   14.84070
2    0.12930    3.75324   15.04050
2    0.07965    3.55707   14.89500
2   -0.01547    3.33303   15.16820
1   -0.17899    3.44078   15.36920
1   -0.63900    3.26411   15.45630
1   -0.74070    3.24884   15.35230
1   -0.98170    3.30627   15.38980
1    1.54077    9.00023   20.47870
1    1.71963    8.67964   20.49240
1    1.90224    8.91294   20.37220
1    2.18366    8.99117   20.22940
2    2.34383    8.96875   20.05430
2    2.47434    8.78844   20.05000
2    2.66026    8.87661   19.89640
2    2.97047    8.79260   19.63690
2    3.09188    9.00070   19.63000
2    3.21897    8.96843   19.55190
2    3.29730    8.90508   19.33890
2    3.55758    8.93398   19.13250
2    3.24151    9.07886   18.84640
2    3.17344    9.12214   18.74900
2    3.17272    9.23376   18.62340
2    3.08027    9.17630   18.39150
2    3.15267    9.27150   18.21610
2    3.34153    9.18483   17.95580
2    3.49718    9.04929   17.85430
2    3.47356    9.01916   17.69370
2    3.64050    8.82266   17.50730
2    3.54400    8.78455   17.20500
2    3.66149    8.60989   17.10030
2    3.67296    8.62501   17.18310
2    3.67944    8.66437   16.68170
2    3.85190    8.80486   16.47170
2    3.61959    8.77237   16.21960
2    3.59650    8.73237   16.15390
2    3.39721    8.77820   15.82110
2    3.28281    8.64374   15.76130
2    3.36699    8.43953   15.42860
2    3.17202    8.52834   15.17890
2    2.95140    8.53383   15.07270
2    2.67335    8.41882   14.91010
2    2.60155    8.63532   14.84650
2    2.32909    8.66999   14.82110
2    2.21282    8.35607   14.83270
2    1.91153    8.15382   14.85150
2    1.75735    8.23406   14.79170
2    1.60442    8.08112   14.67700
2    1.30502    7.80588   14.45780
2    1.18274    7.64902   14.68730
2    0.93775    7.37214   14.66640
2    0.90460    7.12764   14.53980
2    0.47670    6.99017   14.39980
2    0.46922    6.85531   14.48060
2    0.41533    6.57652   14.19360
2    0.42516    6.51400   14.31100
2    0.35496    6.28349   14.29520
2    0.41964    6.08371   14.60250
2    0.04950    6.07242   14.84070
2    0.12930    5.75324   15.04050
2    0.07965    5.55707   14.89500
2   -0.01547    5.33303   15.16820
1   -0.17899    5.44078   15.36920
1   -0.63900    5.26411   15.45630
1   -0.74070    5.24884   15.35230
1   -0.98170    5.30627   15.38980

------------------ FRAME -------------------
